state={
	id=48
	name="STATE_48"
	provinces={
		58 407 420 473 627 629 967 1099 1107 1116 1337 1445 1484 1596 1770 1879 1894 1904 2175 2230 2293 2315 2328 2386 2426 2449 2475 2530 2619 2865 2993 2998 3006 3067 3122 3128 3162 3176 3196 3275 3288 3377 3382 3515 3650 3694 3901 4020 4041 4071 4124 4154 4179 4188 4234 4314 4399 4406 4452 4555 4622 4626 4659 4669 4762 4775 4796 4886 4888 4903 4916 4957 4958 4960 5055 5091 5268 5286 5357 5398 5460 5488 5526 5553 5581 5708 5755 5780 5834 5853 5869 5911 5930 5939 6057 6076 6134 6142 6243 6367 6504 6512 7394 7416 7422 7445 7449 7472 7476 7477 7490 7494 7519 7524 7527 7540 7546 7559 7574 7598 7605 7657 7660 7666 7682 7696 7716 7729 7734 7759 7764 7776 7777 7778 7801 7805 7810 7812 7817 7831 7836 7841 7857 7864 7867 7871 7900 7919 7924 7932 7933 7937 7975 7980 7987 7997 8000 8027 8038 8081 8096 8118 8130 8161 8169 8191 8193 8208 8217 8242 8245 8262 8341 8348 8396 
	}
	buildings_max_level_factor=1.000
        manpower=1
        state_category = large_town
}
